 23864
  5856
  5618
 21123
 13246
 15890
 64032
 33768
 34408
 11455
 62121
  6725
 63484
  7987
 41361
 62860
 54436
 22987
 13524
 20677
 20231
 30941
 18163
 52911
 20569
 58583
 40739
 38184
 45714
 48758
   664
 31801
 39815
 42766
  5258
 19099
 25741
 42118
 21819
 10980
  9096
 55498
 11259
 15835
 47779
 48599
  6766
 17612
 62090
 32250
 48867
 45607
 35415
 34277
 21795
 47647
 33760
 42028
 64305
 46508
 63756
 63632
 65073
 59215
 18949
  6493
 19320
 18361
 33110
 32612
 54444
 19425
  8797
 37566
 45551
 12019
 42914
 38774
 23135
 17626
 19605
 29837
 53554
 35067
 30415
 18945
 23381
 48267
 10217
  1734
   296
 47733
 10231
  4906
  4682
 15163
 52016
 46947
 47347
 22276
 25332
 28079
 15583
 23681
 18740
 18195
  9117
 45398
 15608
 14478
 32187
 39159
 44352
 41161
 10750
 62904
 27411
  8577
  7691
 53436
 15025
 26160
 21564
 55262
 22579
 39006
 53407
 31269
 32156
 20692
 13101
 45637
 11181
 34905
 32507
 22009
  5507
 53721
 17766
 28393
 25237
 26362
 54929
 18851
 52421
 20312
 37531
 12238
 36554
 48378
